1149608,41.91,856,356,16896
1149624,41.98,804,268,16900
1149640,42.81,892,364,16972
1149656,42.33,824,456,16792
1149672,42.81,844,328,16816
1149688,42.38,824,208,16876
1149704,41.85,888,288,16628
1149720,32.96,1064,524,16820
1149736,43.22,1536,1004,16956
1149752,42.27,2336,1352,16968
1149768,42.69,13336,5404,16804
1149784,42.45,25856,-2484,28320
1149800,41.25,32767,2396,12800
1149816,39.93,19944,1288,17684
1149832,38.06,-180,216,18840
1149848,36.51,-1096,-1336,14768
1149864,36.32,1988,584,16988
1149880,34.83,2460,1280,17164
1149896,32.91,1132,776,18208
1149912,32.24,404,936,17056
1149928,30.32,-328,584,14716
1149944,27.99,1296,576,15796
1149959,27.27,2112,468,18008
1149974,24.63,4812,400,16472
1149989,23.24,544,-464,15604
1150004,23.12,-1464,-392,17584
1150019,20.91,-1260,-832,15556
1150034,19.59,20,148,16140
1150049,18.26,876,628,17128
1150064,16.94,1292,1008,16816
1150079,16.04,2252,848,17508
1150094,15.14,444,1004,18136
1150109,13.34,968,584,16748
1150124,12.02,192,984,17076
1150139,10.29,104,56,16052
1150153,8.97,-1692,-768,18220
1150167,8.18,-572,-980,16412
1150181,7.46,-5292,-3156,21780
1150195,6.74,1804,-40,17464
1150209,5.11,2008,408,16700
1150223,4.89,-9388,568,18088
1150237,6.57,-32768,-656,21024
1150251,7.34,-32768,2736,16200
1150265,5.01,-2436,1712,15896
1150279,5.13,3380,2624,11816
1150293,5.18,7500,-820,1204
1150307,5.37,5784,2408,16252
1150321,5.49,-200,1644,18408
1150335,6.14,-152,304,16224
1150349,5.85,-808,872,17080
1150363,6.81,2304,772,14512
1150377,7.77,692,1584,16956
1150391,7.94,-20,600,16508
1150405,8.49,1372,144,16812
1150419,9.98,832,1064,17944
1150433,9.69,2600,468,17220
1150448,10.22,796,232,14904
1150463,11.71,4072,-864,18304
1150478,11.42,1296,-696,17528
1150493,12.38,2088,-472,14644
1150508,12.98,976,-108,16480
1150523,13.10,848,328,17148
1150538,13.65,1500,816,17276
1150553,14.66,1668,944,17152
1150568,14.78,716,772,17096
1150583,15.74,624,776,16980
1150598,16.29,580,820,16592
1150613,16.88,1176,392,16508
1150628,17.42,812,-300,19040
1150643,17.97,1756,-88,17240
1150658,18.09,2104,-384,16612
1150673,19.04,1540,-472,16776
1150688,19.59,1320,-260,17404
1150703,20.48,372,48,16592
1150718,21.03,968,636,16816
1150733,21.57,1332,716,16216
1150748,21.63,1372,936,17440
1150763,21.75,1060,680,17164
1150778,23.07,828,724,16912
1150793,22.30,1032,604,16668
1150808,23.67,1020,780,17328
1150823,25.06,2492,320,14428
1150838,24.70,1800,204,16916
1150853,25.16,2352,160,16132
1150868,25.23,1480,244,16972
1150883,26.55,1344,220,16904
1150899,27.44,708,360,16864
1150914,27.08,868,700,16940
1150929,26.67,1264,848,16704
1150945,28.88,1004,652,17648
1150961,29.36,928,648,16856
1150977,28.52,916,1000,16880
1150993,29.48,1288,716,16164
1151009,30.44,2484,192,17320
1151025,30.01,1808,256,16792
1151041,30.56,1360,-104,16816
1151057,31.83,1096,60,16532
1151073,32.29,1240,192,17060
1151089,33.20,1184,440,17096
1151105,33.20,1484,504,16680
1151121,33.20,588,664,17144
1151137,34.11,908,612,16516
1151153,34.11,1004,732,17192
1151169,35.00,1032,464,17100
1151185,35.00,1000,112,16912
1151201,34.57,840,256,16384
1151217,36.75,1400,28,16500
1151233,35.00,-664,-172,17604
1151249,35.48,1060,-76,17524
1151265,37.16,1392,296,16664
1151281,37.58,1132,264,16760
1151297,37.16,1092,320,16988
1151313,38.84,888,580,17156
1151329,38.84,1036,920,16600
1151345,39.27,4968,844,16820
1151361,38.36,10216,628,16272
1151377,39.81,11800,-228,16256
1151393,39.82,12136,-436,17120
1151409,40.17,10500,-792,15708
1151425,39.87,7452,-676,16344
1151441,39.57,1368,-464,16688
1151457,37.88,136,-120,16880
1151473,37.95,1684,1156,17404
1151489,36.80,1436,1388,16912
1151505,38.07,-20,912,17848
1151521,36.87,996,996,16376
1151537,36.56,1440,1164,16984
1151553,36.15,784,1320,17956
1151569,36.27,792,572,16284
1151585,35.48,544,232,17008
1151601,35.55,28,-604,18140
1151617,35.19,1600,-820,16452
1151633,34.88,-1248,-896,16476
1151649,35.43,276,-128,17128
1151665,35.12,1428,352,16956
1151681,33.92,1244,968,16852
1151697,34.11,896,1104,17772
1151713,32.12,756,792,16360
1151729,33.51,592,836,17396
1151745,33.20,1044,840,16576
1151761,32.48,1464,936,17076
1151777,32.12,772,300,16820
1151793,32.29,-700,-652,17816
1151809,32.07,524,-584,17376
1151825,31.35,480,-336,16428
1151841,31.52,544,36,16944
1151857,30.46,508,476,17228
1151873,30.63,884,892,16600
1151889,30.39,1276,884,16928
1151905,31.40,952,724,17244
1151921,30.32,724,776,17268
1151937,30.08,748,672,17224
1151953,30.32,1212,484,16692
1151969,29.19,-4,-240,17136
1151985,29.36,148,-216,16960
1152001,28.33,112,-132,16784
1152017,29.43,452,228,17016
1152033,28.40,1304,708,16660
1152049,29.07,1176,968,17304
1152065,27.99,856,628,16852
1152081,28.64,468,660,17004
1152097,27.56,1208,868,16588
1152113,27.44,980,332,17164
1152128,27.20,-236,-24,17688
1152143,26.19,372,-340,17028
1152159,27.75,-144,-164,16632
1152174,26.72,528,304,17148
1152189,26.60,896,604,16796
1152204,26.43,1584,1084,16788
1152219,26.72,864,732,17336
1152234,26.19,884,744,17008
1152249,26.93,724,720,16816
1152264,26.74,672,208,16796
1152279,26.14,-36,-660,18728
1152294,25.59,116,-224,18192
1152309,25.90,204,-276,16672
1152324,24.92,524,-72,16852
1152339,25.64,496,104,16996
1152354,25.16,508,228,16900
1152369,24.63,596,444,16960
1152384,24.51,984,712,16736
1152399,24.80,912,688,17128
1152414,25.18,676,520,16996
1152429,24.20,1288,708,17128
1152444,24.99,492,1028,17296
1152459,24.87,560,500,16604
1152474,24.80,936,256,16632
1152489,25.16,620,-132,17228
1152504,24.63,604,-196,16820
1152519,23.72,1016,252,16844
1152534,24.51,700,284,17020
1152549,24.44,852,556,16884
1152564,24.39,812,688,16812
1152579,24.68,604,588,16932
1152594,24.20,688,528,16952
1152609,24.20,1076,764,17052
1152624,23.24,1092,532,16772
1152639,24.44,-256,-648,17828
1152654,23.96,776,-88,16104
1152669,23.91,72,-220,16736
1152684,24.32,484,-56,16260
1152699,24.25,752,176,17008
1152714,23.36,860,488,16832
1152729,23.31,1052,664,16792
1152744,23.72,1012,724,16984
1152759,23.67,784,668,16940
1152774,23.67,964,672,16844
1152789,23.19,884,584,16784
1152804,23.19,732,276,16924
1152819,23.60,488,136,16448
1152834,23.12,676,20,16748
1152849,23.12,712,52,16872
1152864,23.96,712,156,16924
1152879,23.07,748,316,16728
1152894,23.07,836,512,16892
1152909,23.07,896,604,16832
1152924,23.48,944,536,17024
1152939,23.43,860,492,16980
1152954,23.43,888,420,16840
1152969,23.00,696,272,16976
1152984,23.00,796,168,16772
1152999,23.43,732,128,16596
1153014,23.43,884,220,16904
1153029,23.00,948,232,16912
1153044,23.43,1016,296,16992
1153059,23.84,924,380,16816
1153074,23.84,940,368,16828
1153089,23.43,796,432,16840
1153104,23.43,924,428,16908
1153119,22.95,952,424,16808
1153134,23.86,1012,336,16956
1153149,22.95,1016,268,16940
1153164,22.54,940,232,16964