1180896,42.88,960,440,16972
1180912,41.55,680,180,16872
1180928,41.97,788,388,16960
1180944,42.88,756,204,16904
1180960,43.29,724,412,16940
1180976,41.55,728,524,16880
1180992,42.03,692,568,16948
1181008,40.11,784,444,16836
1181024,43.29,828,368,16896
1181040,42.39,736,540,16924
1181056,42.45,768,568,16908
1181072,43.29,852,360,16828
1181088,42.88,716,260,16996
1181104,42.88,704,336,16940
1181120,42.88,660,328,16912
1181136,42.45,840,580,16940
1181152,42.93,732,448,16876
1181168,42.88,880,288,16908
1181184,42.45,620,388,16852
1181200,43.36,872,696,16976
1181216,42.93,924,516,16912
1181232,43.36,836,444,16840
1181248,43.29,828,348,16848
1181264,42.93,700,412,16944
1181280,42.51,812,476,16984
1181296,42.88,420,788,16896
1181312,42.93,940,1240,16812
1181328,42.45,18348,4580,19260
1181344,42.15,16040,-468,17988
1181360,41.37,24484,-5468,15788
1181376,41.01,26924,1084,10760
1181392,39.75,13244,2956,13336
1181408,38.72,-952,-508,20864
1181424,37.28,-692,700,13468
1181440,35.84,3200,928,19984
1181456,34.42,2532,1536,17004
1181472,32.98,-3176,-2584,20664
1181488,31.11,-1932,-2448,13372
1181504,31.06,-724,232,16844
1181520,29.67,1776,292,16440
1181536,27.41,460,228,17800
1181551,26.07,-48,448,17312
1181566,25.23,-424,588,16408
1181581,23.96,476,656,15912
1181596,22.71,724,592,15472
1181611,21.03,1504,880,16840
1181626,19.35,1964,916,18140
1181641,18.08,1580,908,17496
1181656,17.66,-2772,-1088,19424
1181671,15.62,1380,-132,13988
1181686,14.78,-2340,-876,15696
1181701,13.17,-640,-180,15772
1181716,11.97,988,508,17512
1181731,11.25,1760,640,17520
1181745,10.10,1952,1120,17564
1181759,8.54,1148,1108,18128
1181773,8.37,596,816,17724
1181787,5.90,452,880,17644
1181801,5.73,760,808,17116
1181815,5.54,292,608,16488
1181829,4.53,-9680,8,17628
1181843,3.74,-32768,-3232,23108
1181857,4.10,-32768,1972,17136
1181871,5.85,-4968,1104,15192
1181885,4.65,4912,-448,14712
1181899,5.13,-4464,-2672,16640
1181913,4.77,3928,-8,19240
1181927,5.35,1648,1508,18020
1181941,5.01,1152,236,17132
1181955,5.97,92,1104,18724
1181969,6.93,2216,1756,16880
1181983,7.10,504,1708,17832
1181997,7.17,464,1216,17088
1182011,8.13,-220,88,16560
1182025,9.14,788,744,16400
1182039,9.26,2564,100,15688
1182053,9.74,2780,-1560,17464
1182068,10.70,1268,-212,17924
1182083,11.66,3116,92,14760
1182098,11.78,2588,-160,17364
1182113,11.85,1216,180,17332
1182128,12.33,556,480,17340
1182143,13.24,524,876,16884
1182158,13.77,1036,1140,17200
1182173,14.25,460,924,17236
1182188,14.37,1132,836,16984
1182203,15.26,1016,876,17024
1182218,15.76,1220,936,17604
1182233,16.22,528,584,17884
1182248,16.77,1804,544,15204
1182263,17.24,1976,-344,15984
1182278,17.32,2336,-328,16944
1182293,18.16,1980,-360,16092
1182308,19.05,1560,412,17328
1182323,18.62,764,336,17076
1182338,19.05,1400,684,16464
1182353,19.47,836,812,16440
1182368,20.37,520,820,17204
1182383,21.20,892,824,16792
1182398,21.21,1232,1012,17216
1182413,21.63,1016,688,17192
1182428,22.47,1028,568,17608
1182443,22.05,1176,64,17080
1182458,23.38,1428,-528,16700
1182473,23.38,2092,-528,16072
1182488,23.74,1712,-448,16604
1182503,24.10,1824,-196,16776
1182518,24.51,1164,276,17176
1182533,23.60,1296,720,16768
1182548,25.71,1044,848,17276
1182563,25.64,936,820,16660
1182578,26.43,520,852,17692
1182593,26.86,892,824,16884
1182608,27.22,1640,876,16668
1182623,26.67,1500,244,17100
1182639,27.94,1200,256,16464
1182655,27.87,1828,-252,16252
1182671,29.12,2036,-348,16536
1182687,29.07,1788,28,16840
1182703,29.84,1516,316,16596
1182719,29.79,936,632,17288
1182735,30.10,916,748,16976
1182751,29.96,1036,804,17140
1182767,30.32,1072,764,17080
1182783,31.59,1068,764,16792
1182799,31.47,664,936,17576
1182815,31.76,1276,524,16216
1182831,32.55,1504,440,16796
1182847,32.00,1628,-200,16512
1182863,31.83,1424,-272,16712
1182879,32.60,1044,-48,16252
1182895,33.34,1272,200,17556
1182911,33.22,1132,600,16796
1182927,33.46,948,780,17384
1182943,33.39,1052,552,16304
1182959,31.83,628,704,17312
1182975,33.92,1336,756,16744
1182991,34.30,936,556,17200
1183007,35.36,1296,260,17376
1183023,35.67,1336,476,16040
1183039,35.91,1328,116,16736
1183055,35.79,1524,92,16472
1183071,34.76,1380,116,16844
1183087,36.34,888,92,17060
1183103,35.26,1084,468,16688
1183119,36.82,1504,760,17124
1183135,36.63,736,724,17176
1183151,36.87,836,620,16956
1183167,38.00,952,748,16828
1183183,37.83,768,580,18240
1183199,38.06,1292,420,17136
1183215,38.31,1452,280,16844
1183231,38.55,1180,112,16864
1183247,38.79,1376,-20,16480
1183263,38.55,3212,160,17060
1183279,38.79,4364,356,17020
1183295,39.27,6856,560,16480
1183311,39.75,7436,460,16100
1183327,39.27,6272,400,16956
1183343,39.58,5200,672,16436
1183359,39.39,1524,132,16692
1183375,38.31,-412,-188,16008
1183391,38.14,792,212,16972
1183407,37.49,764,676,16720
1183423,38.62,572,780,17520
1183439,37.59,1376,644,16476
1183455,38.26,1176,584,16780
1183471,37.66,656,480,17140
1183487,36.22,1140,556,16212
1183503,37.30,-80,420,17508
1183519,37.11,12,348,17412
1183535,37.37,312,116,17072
1183551,36.39,100,-208,16480
1183567,36.63,376,240,17256
1183583,36.92,1024,436,16492
1183599,36.32,1252,556,17356
1183615,36.20,872,592,16660
1183631,36.50,960,576,16992
1183647,35.48,1172,904,16584
1183663,36.20,608,320,16652
1183679,35.60,984,328,16884
1183695,34.52,972,28,16952
1183711,35.31,-1056,-500,17380
1183727,34.76,404,-68,17112
1183743,34.64,660,76,16840
1183759,34.95,776,340,16892
1183775,34.76,1000,640,16972
1183791,35.07,816,824,17076
1183807,35.43,1060,552,16616
1183823,34.90,968,576,16980
1183839,34.30,844,772,16860
1183855,34.23,888,440,16616
1183871,33.63,-956,-884,19400
1183887,33.99,820,-176,16292
1183903,33.39,556,24,16816
1183919,33.32,612,140,16868
1183935,33.20,860,800,16796
1183951,33.08,1276,628,16804
1183967,33.39,828,572,17244
1183983,33.32,972,616,16788
1183999,33.68,896,508,16836
1184015,33.56,848,92,16944
1184031,33.03,532,-224,17112
1184047,32.98,448,-276,16576
1184063,32.43,276,-136,16828
1184079,33.22,572,152,16812
1184095,32.67,672,380,17076
1184111,33.03,1412,692,16800
1184127,32.14,1020,644,17100
1184143,32.91,660,528,16816
1184159,31.47,960,524,16864
1184175,32.31,1272,260,17076
1184191,31.78,-288,-624,17672
1184207,32.60,192,-88,17040
1184223,32.55,416,-20,16612
1184239,31.23,796,112,16948
1184255,32.43,828,372,16936
1184271,31.95,940,484,16940
1184287,30.99,832,604,16896
1184303,32.24,940,576,16908
1184319,31.35,828,540,16968
1184335,31.76,1048,540,17080
1184351,31.28,872,436,16760
1184367,29.55,936,16,16156
1184383,32.00,424,-40,16652
1184399,31.59,612,-48,16724
1184415,32.36,680,184,16784
1184431,31.06,756,288,16988
1184447,31.47,968,500,16904
1184463,31.42,1156,692,16964
1184479,32.26,984,580,17016
1184495,31.78,804,440,16820
1184511,30.87,808,320,16984
1184527,31.71,848,224,16876
1184543,31.23,404,12,16828
1184559,31.23,652,52,16724
1184575,31.18,760,128,16776
1184591,31.11,748,260,17000
1184607,30.68,1032,424,16888
1184623,31.16,904,544,16924
1184639,31.54,924,572,17012
1184655,31.47,796,468,16872
1184671,30.56,892,464,16944
1184687,31.47,860,260,16920
1184703,31.90,784,180,16760
1184719,30.99,744,160,16564
1184735,31.83,944,252,16776
1184751,31.42,836,264,16892
1184767,31.47,912,444,16880
1184783,30.92,900,444,16992
1184799,30.99,852,520,16892
1184815,31.42,872,456,16972
1184831,31.42,948,300,16880
1184847,31.83,888,300,16880
1184863,31.83,880,208,16796
1184879,30.15,952,220,16900
1184895,30.99,1008,236,16708
1184911,30.51,956,272,16896
1184927,30.99,856,308,16884
1184943,30.58,928,412,16840
1184959,30.99,1076,456,16956
1184975,30.51,980,424,17040
1184991,30.92,784,468,16888
1185007,30.92,928,304,16872
1185023,31.35,1036,328,16988
