487585,42.91,688,572,16796
487601,43.39,760,748,16856
487617,43.34,636,476,16828
487633,42.86,688,420,16880
487649,42.07,792,576,16792
487665,43.32,864,588,16920
487681,42.89,792,524,16772
487697,43.75,772,432,16808
487713,42.91,688,232,16816
487729,43.32,744,308,16884
487745,43.32,780,528,16800
487761,43.32,800,500,16892
487777,42.91,744,460,16836
487793,42.50,660,428,16864
487809,43.34,696,568,16928
487825,42.91,868,572,16772
487841,42.91,784,740,16924
487857,42.91,788,624,16800
487873,42.84,748,336,16844
487889,40.87,748,324,16816
487905,41.18,780,548,16920
487921,42.07,748,512,16800
487937,42.50,712,464,16872
487953,43.32,704,372,16808
487969,42.91,612,412,16960
487985,42.55,688,620,16912
488001,44.23,660,692,16876
488017,41.59,780,712,16868
488033,42.91,760,328,16876
488049,44.23,784,540,16760
488065,43.32,704,512,16836
488081,42.96,844,568,16848
488097,36.74,680,520,16780
488113,43.32,748,368,16840
488129,42.86,780,300,16856
488145,42.43,488,376,16856
488161,42.48,748,212,16784
488177,42.98,1824,1300,17096
488193,36.01,5584,4740,17920
488209,43.63,16664,-9764,23052
488225,41.90,31580,-520,11604
488241,41.06,32184,4680,17748
488257,38.83,14592,2800,13188
488273,39.48,-232,-740,16540
488289,37.10,3132,148,13552
488305,35.65,3532,728,18604
488321,35.00,-1956,-1440,16612
488337,33.55,-1656,-1540,14776
488353,30.37,776,-820,13380
488369,30.60,2184,700,17332
488385,29.17,344,1008,18916
488401,27.73,116,1200,16940
488416,26.36,-76,760,15152
488431,25.40,172,740,16560
488446,23.60,1308,592,14960
488461,21.87,2184,1192,17060
488476,20.53,2052,980,18420
488491,19.21,424,272,18116
488506,17.41,-564,-196,17820
488521,17.00,-2804,-368,12888
488536,14.83,-1648,-716,18488
488551,13.94,36,208,16900
488566,12.26,1688,588,17268
488581,11.37,2140,920,17604
488595,9.67,1180,1316,17628
488609,8.97,1256,1108,18132
488623,7.75,472,1364,18780
488637,6.62,1040,844,17064
488651,5.42,684,700,16648
488665,4.70,308,468,15844
488679,4.94,-6512,-40,14268
488693,4.82,-17272,44,13288
488707,6.74,-32768,5456,24604
488721,5.95,2924,-14616,15792
488735,6.62,5104,1352,28360
488749,5.66,7952,1396,20420
488763,4.58,6300,-4936,23900
488777,5.06,2584,2904,9928
488791,5.66,4688,2576,20288
488805,4.46,2588,1960,18064
488819,6.91,-716,576,19032
488833,4.22,-168,1004,20680
488847,4.75,2376,2328,17484
488861,4.41,-216,612,16852
488875,4.10,-804,244,16520
488889,4.22,812,-156,15844
488903,5.18,528,-1044,14872
488917,4.41,1596,-1716,15888
488931,4.05,1728,-864,14728
488945,4.58,2124,-400,15980
488959,3.74,1152,344,17372
488973,4.70,1492,1168,17292
488987,3.86,2056,1468,17888
489001,5.25,1572,1236,17276
489015,4.89,1020,1240,18196
489029,4.53,1124,1272,17828
489043,4.58,1096,1424,17600
489057,4.63,928,1040,17296
489071,3.38,260,672,16932
489085,4.77,840,152,17036
489099,4.82,384,-1492,19096
489113,3.57,1312,-1204,15916
489127,4.94,1648,-884,15764
489141,4.51,1784,-212,15868
489155,5.01,1520,28,16588
489169,3.69,1012,372,17040
489183,4.58,1540,936,16916
489197,5.06,1684,1116,17508
489211,5.06,1376,992,17344
489225,4.65,1040,1112,17504
489239,4.22,936,1028,17528
489253,4.22,968,928,17556
489267,4.70,992,568,17108
489281,4.70,848,172,16836
489295,4.70,868,-48,15940
489309,4.27,1372,-452,16460
489323,4.29,1144,-28,16316
489337,4.29,948,44,16392
489351,4.70,1132,180,16412
489365,4.29,836,312,16664
489379,4.29,1092,772,16720
489393,4.70,1220,980,17332
489407,4.70,1416,880,17260
489421,3.81,1104,856,17268
489435,4.70,1048,904,17396
489449,4.70,1012,800,17364
489463,4.70,792,456,17064
489477,4.70,704,204,16996
489491,4.72,612,36,16660
489505,3.81,816,192,16532
489519,4.70,680,164,16500
489533,4.70,708,232,16432
489547,3.79,756,356,16420
489561,4.70,988,616,16608
489575,4.70,1056,672,16744
489589,4.70,1004,628,17052
489603,3.81,1168,604,16972
489617,3.81,1192,588,17072
489631,4.70,1068,636,17004
489645,4.70,1068,444,17100
489659,3.79,988,348,17024
489673,5.13,872,328,17092
489687,4.70,884,244,17048
489701,4.70,864,380,16756
489715,5.11,672,356,16628
489729,5.11,716,380,16532
489743,5.13,852,524,16504
489757,4.22,928,468,16724
489771,5.11,840,436,16752
489785,3.79,968,516,16680
489799,5.11,988,480,16724
489813,3.79,1088,460,16972
489827,5.13,1072,436,17080
489841,3.81,1108,476,16912
489855,4.70,956,460,17156
489869,4.70,892,532,17080
489883,5.13,820,512,16968
489897,5.13,804,472,17016
489911,3.81,864,492,16784
489925,4.70,712,424,16760
489939,5.11,816,428,16540
489953,4.70,860,368,16708
489967,4.70,888,448,16500
489981,5.13,904,376,16720
489995,3.81,960,388,16824
490009,4.70,1104,492,16664
490023,4.22,1080,472,16948
490037,4.22,1100,492,17164
490051,5.13,1000,568,17180
490065,4.70,996,604,16976
490079,4.70,1064,448,17196
490093,4.70,940,432,16844
490107,4.70,948,424,16888
490121,4.70,848,416,16776
490135,5.13,820,348,16832
490149,5.13,860,412,16516
490163,3.81,880,344,16656
490177,4.70,980,472,16664
490191,4.70,872,424,16700
490205,5.13,872,360,16900
490219,3.79,1104,420,16768
490233,4.70,1032,436,17000
490247,3.79,1064,444,16852
490261,4.70,1020,388,17192
490275,3.81,988,464,16868
490289,3.79,996,456,16952
490303,3.81,880,396,16892
490317,5.13,828,420,16920
490331,5.11,820,420,16568
490345,5.13,996,376,16808
490359,5.11,1004,528,16620
490373,4.70,904,472,16604
490387,4.22,868,472,16916
490401,5.13,1004,416,16832
490415,3.81,1020,440,16756
490429,4.22,992,400,16880
490443,5.11,1020,452,17024
490457,4.70,1104,488,16920
490471,5.13,864,384,17132
490485,3.79,968,440,16916
490499,4.70,940,480,16944
490513,4.70,944,516,16848
490527,4.70,912,432,17028
490541,5.11,948,516,16708
490555,5.11,884,432,16664
490569,5.13,804,392,16836
490583,4.70,996,460,16528
490597,4.70,980,440,16844
490611,5.13,1036,440,16784
490625,5.11,992,428,16984
490639,5.13,884,476,16728
490653,5.13,884,448,17144
490667,4.70,968,408,16932
490681,3.81,1016,520,16928
490695,3.81,964,400,17000
490709,3.81,920,368,16908
490723,4.70,928,492,16844
490737,4.70,820,452,17052
490751,4.70,896,524,16868
490765,4.70,916,496,16592
490779,5.11,900,388,16916
490793,4.70,928,448,16704
490807,4.70,936,440,16828
490821,5.13,952,492,16768
490835,4.70,952,400,16928
490849,4.70,968,412,16740
490863,4.70,980,372,16936
490877,4.70,976,432,16952
490891,5.13,1056,512,16892
490905,5.13,952,420,17008
490919,4.70,944,504,16908
490933,4.70,1016,456,16904
490947,3.81,868,372,16792
490961,5.13,984,344,16888
490975,4.70,912,436,16736
490989,5.13,900,420,16856
491003,4.70,868,368,16788
491017,3.81,1012,456,16808
491031,4.70,832,416,16900
491045,4.70,1004,460,16812
491059,4.70,1004,468,16840
491073,4.70,1008,484,16848
491087,3.81,952,400,17012
491101,4.70,956,468,16872
491115,4.70,924,360,17004
491129,3.79,984,372,16816
491143,3.79,920,436,16940
491157,3.79,1036,532,16732
491171,4.70,880,464,16972
491185,4.70,1008,472,16832
491199,4.70,992,464,16692
491213,4.70,828,324,16880
491227,4.70,948,336,16776
491241,4.70,1096,532,16928
491255,4.70,1024,460,16720
491269,4.70,944,440,16964
491283,3.81,1068,500,16652
491297,4.70,1092,448,16992
491311,4.70,932,452,16996
491325,5.13,1060,540,16824
491339,4.70,884,432,16932
491353,4.70,824,504,16924
491367,4.70,944,444,16832
491381,5.13,868,396,16836
491395,4.70,936,396,17000
491409,4.70,928,460,16712
491423,4.70,860,432,16836
491437,4.70,948,476,16648
491451,3.81,872,452,16964
491465,4.70,968,532,16804
491479,4.70,864,436,16876
491493,4.70,900,448,16860
491507,4.70,1004,508,16832
491521,4.70,888,400,17096
491535,4.70,1080,480,16764
491549,4.72,884,464,17012
491563,4.70,880,444,16772
491577,4.70,852,440,17024
491591,4.70,892,560,16736
491605,3.81,984,436,16944
491619,4.70,824,372,16816
491633,3.81,984,480,16796
491647,3.81,836,400,16744
491661,4.70,928,412,16760
491675,4.70,1032,460,16840
491689,4.70,960,308,16816
491703,3.79,944,460,16920
491717,4.70,912,544,16884
491731,4.70,1076,484,16936
491745,4.70,896,460,16892
491759,4.22,880,372,16988
491773,4.70,964,504,16740
491787,3.79,848,388,17040
491801,4.70,928,496,16760
491815,4.70,868,424,16804
491829,4.70,964,440,16676
491843,4.70,860,388,16984
491857,4.70,952,504,16912
491871,4.70,880,468,16788
491885,5.13,952,524,16896
491899,4.70,1044,540,16824
491913,3.79,976,468,16984
491927,3.81,1020,460,16848
491941,4.70,1076,500,16952
491955,4.70,940,456,16848
491969,3.79,916,388,16936
491983,3.81,1016,476,16756
491997,5.13,1008,464,16868
492011,3.79,848,452,17016
492025,4.70,956,508,16684
492039,4.22,1004,460,16876
492053,4.70,1052,464,16744
492067,3.81,972,488,16956
492081,5.13,932,436,16668
492095,5.13,840,408,17028
492109,5.13,1052,444,16632
492123,4.70,960,564,16816
492137,3.79,1032,460,16916
492151,4.70,856,416,16956
492165,3.81,896,484,16788
492179,4.70,1032,488,16924
492193,4.70,872,484,17144
492207,4.70,996,468,16628
492221,4.70,956,464,16900
492235,5.13,1072,480,16932
492249,5.13,840,424,16768
492263,3.79,840,400,16728
492277,4.70,1072,436,17000
492291,4.70,1012,432,16812
492305,4.70,864,364,16688
492319,5.13,904,476,16944
492333,4.70,1000,504,16916
492347,4.70,952,424,16980
492361,4.70,836,376,16836
492375,4.70,996,544,16880
492389,4.70,1028,588,16696
492403,5.13,940,400,17048
492417,4.70,964,552,16900
492431,5.13,784,428,16992
492445,4.70,944,484,16804
492459,3.79,948,388,16816
492473,4.70,928,368,16900
492487,4.72,1020,384,16872
492501,5.11,916,396,16944
492515,5.13,1028,444,16688
492529,5.13,828,396,17040
492543,4.70,992,544,16820
492557,3.81,964,488,17076
492571,4.70,884,524,16812
492585,4.70,792,468,16996
492599,5.11,1020,508,16800
492613,5.13,920,372,16916
492627,3.81,908,312,16868
492641,3.81,1024,448,16732
492655,3.81,900,412,16888
492669,5.13,888,388,16776
492683,3.81,1024,484,16888
492697,4.70,1060,576,16740
492711,4.70,828,380,16996
492725,5.13,956,544,16636
492739,4.70,1016,368,16852
492753,4.70,988,432,16816
492767,3.81,928,404,16856
492781,4.70,980,488,16864
492795,4.70,952,440,16916
492809,3.79,800,416,16860
492823,3.81,1052,384,16692
492837,5.11,868,384,17104
492851,4.70,976,504,16780
492865,5.11,816,464,16852
492879,4.70,904,424,16764
492893,4.70,1056,388,16916
492907,4.70,968,436,16840
492921,3.79,1060,500,16868
492935,5.13,868,452,16932
492949,4.70,992,436,16672
492963,4.70,900,396,17060
492977,3.79,992,444,16792
492991,4.70,920,544,16916
493005,4.70,852,424,16760
493019,4.70,924,396,16996
493033,3.81,916,528,16788
493047,5.13,1008,460,16868
493061,3.79,956,396,16960
493075,4.70,860,432,16796
493089,3.81,960,420,16912
493103,3.81,948,340,16992
493117,3.81,968,468,16792
493131,5.11,944,508,16756
493145,4.70,1016,500,16956
