604438,41.30,816,348,16920
604454,43.51,784,372,16924
604470,43.03,764,228,16844
604486,43.03,708,548,16924
604502,43.94,912,504,16820
604518,39.43,756,580,16848
604534,43.03,784,444,16888
604550,42.62,864,280,16852
604566,43.05,992,340,16848
604582,43.53,812,444,16868
604598,43.03,1012,372,16864
604614,37.76,884,276,16912
604630,34.93,780,220,16844
604646,41.47,836,384,16896
604662,43.51,788,528,16824
604678,43.10,796,460,16928
604694,43.53,904,424,16844
604710,43.05,812,304,16900
604726,43.10,912,424,16992
604742,43.17,956,560,16868
604758,43.51,956,516,16852
604774,42.69,696,224,16832
604790,42.63,872,224,16908
604806,43.10,892,192,16880
604822,42.62,916,412,16928
604838,43.94,884,404,16860
604854,43.53,816,368,16900
604870,43.99,800,236,16852
604886,43.53,792,408,16876
604902,43.51,880,484,16836
604918,42.26,876,604,16848
604934,39.08,908,372,16844
604950,43.10,764,420,16816
604966,43.53,884,256,16864
604982,43.53,844,364,16916
604998,43.10,900,552,16908
605014,41.90,800,308,16840
605030,43.12,908,324,16896
605046,43.10,800,208,16944
605062,42.67,848,276,16896
605078,42.62,852,316,16896
605094,43.53,908,604,16840
605110,43.53,868,396,16840
605126,43.94,788,328,16840
605142,43.94,960,472,16820
605158,41.78,844,532,16884
605174,43.53,828,508,16860
605190,43.51,872,360,16812
605206,42.62,800,256,16884
605222,38.24,852,280,16904
605238,43.10,936,340,16772
605254,37.51,872,404,16924
605270,42.26,876,424,16792
605286,42.67,808,228,16868
605302,43.15,712,392,16916
605318,43.10,760,532,16916
605334,43.51,840,364,16764
605350,43.51,1284,100,16728
605366,42.69,1528,808,17008
605382,43.10,2384,1244,16512
605398,43.87,5968,824,17112
605414,42.50,27636,-7564,20228
605430,42.38,32767,-600,17080
605446,40.53,23584,864,17752
605462,40.51,9028,196,14716
605478,39.02,1804,1940,18620
605494,36.74,2352,2148,18540
605510,35.29,-384,1192,18040
605526,35.17,-240,156,14900
605542,32.41,908,1100,15228
605558,31.45,2588,504,17572
605574,29.60,-632,1140,18932
605590,29.00,-644,316,15444
605606,28.04,-1348,-1352,17784
605621,26.60,-2144,-1728,15628
605636,24.92,1348,124,16444
605651,23.67,2124,308,18104
605666,21.97,872,1140,17920
605681,20.72,580,1032,17952
605696,19.47,-216,708,16588
605711,18.14,20,360,14904
605726,17.30,960,600,16412
605741,15.62,1980,972,16784
605756,14.35,-1780,-1184,21792
605771,13.10,1416,264,16228
605786,12.33,-1372,-84,17460
605801,10.70,-68,124,15924
605815,9.50,-232,-140,16752
605829,8.35,508,452,15336
605843,7.22,472,324,16236
605857,6.14,812,684,15948
605871,4.58,1000,516,16112
605885,4.82,-2920,4108,18416
605899,4.77,-1796,10924,13016
605913,5.73,-32768,-6144,29336
605927,4.34,-32768,5360,7492
605941,5.25,-2576,-2868,16308
605955,4.58,4108,-852,22560
605969,6.02,-4544,5632,16572
605983,4.77,24,-160,19580
605997,5.30,2456,364,15684
606011,4.94,1760,1756,16724
606025,6.62,-656,176,17172
606039,4.70,-224,2092,17180
606053,4.34,1848,1528,15708
606067,7.58,732,808,17100
606081,4.10,316,760,15568
606095,4.22,208,344,17300
606109,5.18,2772,196,15904
606123,3.98,-1308,-2540,15180
606137,4.53,164,-1356,16260
606151,4.17,1604,-956,14136
606165,4.22,2384,-28,16184
606179,4.70,1108,224,18276
606193,5.18,852,880,17312
606207,5.25,1312,912,17168
606221,3.98,896,1260,17388
606235,4.05,476,896,16508
606249,4.10,256,1040,17352
606263,4.15,904,1020,16348
606277,4.22,888,964,16616
606291,4.70,656,628,16756
606305,4.77,824,52,16308
606319,5.25,2248,-536,16864
606333,4.39,2604,-928,16400
606347,3.57,2080,-396,16192
606361,4.46,2004,-36,16948
606375,4.94,1500,404,17092
606389,4.94,856,536,17276
606403,4.53,976,888,17472
606417,3.62,992,1004,16832
606431,4.53,752,828,16956
606445,4.53,504,956,17004
606459,5.42,904,784,16456
606473,5.01,924,836,16816
606487,5.01,872,496,16588
606501,4.58,1152,180,16460
606515,4.58,2620,-200,15872
606529,4.58,1624,-796,16668
606543,4.58,1024,32,16832
606557,4.58,1220,240,17104
606571,4.58,1048,436,17232
606585,4.58,968,656,17380
606599,4.58,616,488,17288
606613,4.58,984,680,16976
606627,4.58,904,772,17016
606641,5.01,656,636,16828
606655,5.01,532,592,16940
606669,5.01,640,304,16656
606683,3.69,780,180,16800
606697,5.01,884,72,16520
606711,4.58,1152,64,16592
606725,5.01,1016,140,16604
606739,5.01,1092,196,16948
606753,5.01,1136,424,17040
606767,5.01,980,500,17112
606781,5.01,808,548,17216
606795,5.01,944,576,17096
606809,5.01,1020,576,17108
606823,5.01,824,544,17004
606837,5.01,792,352,16976
606851,5.01,780,304,16792
606865,5.01,872,248,16700
606879,5.01,868,200,16652
606893,5.01,924,200,16488
606907,5.01,876,232,16844
606921,5.01,956,352,16576
606935,4.99,1132,464,16896
606949,5.01,908,472,16836
606963,5.01,968,500,17016
606977,5.01,868,444,16992
606991,5.01,1036,412,16952
607005,4.99,1008,348,17068
607019,5.01,932,252,16920
607033,5.01,944,324,17056
607047,5.01,792,256,16888
607061,5.01,844,288,16992
607075,5.01,824,336,16684
607089,5.01,916,356,16788
607103,5.01,892,416,16708
607117,4.58,864,380,16684
607131,5.01,864,432,16760
607145,5.01,1076,340,16756
607159,5.01,1072,388,16772
607173,4.58,956,340,16860
607187,5.01,912,316,17136
607201,5.01,844,404,16924
607215,5.01,944,388,17164
607229,5.01,904,396,16900
607243,5.01,856,400,17028
607257,5.01,780,404,16876
607271,5.01,920,300,16844
607285,5.01,900,284,16768
607299,5.01,1024,488,16560
607313,4.58,952,280,16860
607327,5.01,892,364,16596
607341,4.99,940,360,16728
607355,5.01,892,396,16828
607369,5.01,996,548,16896
607383,5.01,844,380,16864
607397,5.01,996,384,16944
607411,5.01,960,300,17020
607425,5.01,1060,352,16884
607439,5.01,940,208,16984
607453,5.01,860,364,16904
607467,5.01,980,444,17044
607481,5.01,848,436,16856
607495,5.01,772,392,16940
607509,5.01,828,440,16704
607523,5.01,876,404,16832
607537,5.01,816,352,16676
607551,4.99,888,296,16776
607565,5.01,936,248,16796
607579,5.01,968,336,16868
607593,5.01,876,352,16940
607607,5.01,964,376,16904
607621,5.01,848,408,17164
607635,4.99,860,508,16872
607649,4.99,916,380,16952
607663,4.58,924,348,16892
607677,5.01,1032,320,16852
607691,4.99,968,284,16836
607705,5.01,1048,324,16892
607719,5.01,816,248,16836
607733,5.01,868,320,16696
607747,5.01,1068,324,16828
607761,5.01,1052,456,16756
607775,5.01,1004,460,16740
607789,5.01,784,352,17000
607803,5.01,960,468,17068
607817,5.01,924,412,16904
607831,5.01,908,360,16880
607845,5.01,996,316,16836
607859,5.01,908,240,16992
607873,5.01,960,348,16884
607887,5.01,816,280,16980
607901,5.01,972,388,16836
607915,5.01,1064,392,16876
607929,5.01,792,316,17056
607943,5.01,804,364,16944
607957,5.01,848,356,16944
607971,5.01,916,356,16972
607985,5.01,960,236,16944
607999,5.01,912,236,16652
608013,5.01,948,272,16964
608027,5.01,864,340,17012
608041,5.01,924,468,16920
608055,5.01,888,492,16896
608069,5.01,964,440,16880
608083,5.01,944,400,16864
608097,5.01,896,292,16832
608111,5.01,1100,336,16788
608125,5.01,1060,400,16720
608139,4.58,844,212,16880
608153,5.01,1020,364,16720
608167,5.01,956,320,16980
608181,5.01,940,312,16808
608195,3.67,712,340,16904
608209,5.01,860,412,16844
608223,3.69,956,328,16892
608237,5.01,984,348,16944
608251,5.01,932,376,16912
608265,4.99,952,300,16964
608279,5.01,1028,380,16768
608293,5.01,1048,400,16952
608307,5.01,876,316,16792
608321,4.99,924,360,16928
608335,5.01,912,492,16764
608349,5.01,984,460,16820
608363,4.10,888,352,16932
608377,5.01,1104,420,16684
608391,5.01,956,256,16840
608405,5.01,920,268,16876
608419,5.01,888,276,17016
608433,5.01,1008,400,16776
608447,4.99,1096,388,16844
608461,5.01,868,428,16976
608475,5.01,772,488,16932
608489,5.01,820,396,16924
608503,5.01,964,404,16948
608517,4.10,1008,376,16868
608531,4.58,840,272,16828
608545,5.01,848,300,16996
608559,4.99,980,352,16712
608573,5.01,808,428,16952
608587,5.01,1008,456,16716
608601,4.99,1004,368,16844
608615,5.01,992,460,16812
608629,4.99,896,328,16900
608643,5.01,808,356,16772
608657,5.01,1112,432,16704
608671,4.99,1076,292,17020
608685,5.01,836,304,16772
608699,5.01,860,368,16948
608713,5.01,912,428,16960
608727,3.69,904,328,16928
608741,4.99,720,356,16748
608755,5.01,984,336,16912
608769,5.01,912,356,16832
608783,5.01,980,412,16728
608797,5.01,964,356,16892
608811,5.01,944,388,16856
608825,5.01,1016,520,16792
608839,5.01,728,376,17084
608853,5.01,1068,352,16828
608867,5.01,1032,324,16796
608881,5.01,748,284,16772
608895,5.01,856,436,16624
