570030,42.74,892,428,16748
570046,41.90,768,328,16940
570062,42.33,940,504,16864
570078,42.33,996,432,16852
570094,42.33,880,364,16808
570110,42.33,848,232,16872
570126,41.97,800,256,16936
570142,42.81,796,312,16808
570158,43.22,896,548,16908
570174,43.15,840,388,16832
570190,42.74,752,332,16876
570206,42.74,792,436,16912
570222,43.17,860,560,16936
570238,42.75,880,612,16936
570254,42.33,824,388,16880
570270,42.75,800,216,16756
570286,42.33,908,288,16828
570302,42.33,1268,1176,16824
570318,42.74,11692,7080,18520
570334,42.09,19296,-10716,6136
570350,41.54,29468,1176,6932
570366,41.30,22652,-136,15440
570382,39.57,5080,-36,17840
570398,38.06,-796,-568,18700
570414,36.62,484,716,15536
570430,35.60,652,604,13840
570446,33.75,688,560,16412
570462,32.72,2028,1236,17832
570478,30.80,1656,836,17900
570494,30.25,-404,-476,16172
570510,28.35,-176,-124,14048
570525,26.48,-468,-476,16048
570540,25.57,248,-1008,15716
570555,24.25,1536,344,16856
570570,22.93,1680,808,18692
570585,21.27,56,424,16984
570600,19.93,456,624,15868
570615,18.20,-104,712,16852
570630,16.94,404,320,15528
570645,16.10,1232,848,16920
570660,14.35,1804,872,17876
570675,13.03,-1320,-768,14080
570690,11.78,-404,-316,18124
570705,11.01,-1448,-284,17800
570719,9.74,-444,268,16424
570733,8.18,180,332,16228
570747,7.05,588,448,15620
570761,5.90,860,560,16352
570775,5.18,616,544,16736
570789,4.53,-4428,-412,19648
570803,5.23,-8860,-1264,18308
570817,5.18,-25912,-3784,23120
570831,6.86,-32768,3016,25984
570845,5.97,-852,-7992,30636
570859,6.62,1720,-124,23352
570873,4.77,4820,-1108,15844
570887,5.35,2276,-1580,17260
570901,4.17,72,-17352,-6100
570915,4.65,5540,816,18956
570929,4.22,1636,124,17892
570943,4.22,-4988,4764,12492
570957,5.13,4472,7004,15292
570971,5.11,1784,2916,16756
570985,5.13,1472,2400,15892
570999,4.22,684,2516,19176
571013,4.22,1772,784,16016
571027,4.22,2136,-2212,14416
571041,4.22,2276,-4936,13788
571055,4.22,-780,-1492,15424
571069,4.22,588,120,16388
571083,4.22,1932,548,17432
571097,4.22,524,784,17240
571111,4.22,660,724,17348
571125,4.22,1220,1680,17096
571139,4.22,972,1120,16360
571153,4.22,288,1516,17892
571167,4.22,1140,1180,16292
571181,4.22,860,1392,17596
571195,4.22,1164,984,16308
571209,4.22,404,392,17644
571223,4.22,928,-96,16732
571237,5.13,1236,-1364,15468
571251,5.13,1228,-820,15540
571265,4.70,1480,-192,16416
571279,5.13,648,-280,16128
571293,4.22,1064,44,17644
571307,4.22,648,608,17172
571321,4.22,1060,808,16648
571335,4.22,908,1068,17484
571349,4.22,756,928,16484
571363,4.22,824,824,17264
571377,4.24,892,920,16908
571391,4.22,940,700,16868
571405,4.22,1180,436,16112
571419,4.22,944,104,16592
571433,4.24,628,-184,15820
571447,4.22,1564,144,17052
571461,4.22,1092,124,16824
571475,4.22,924,-44,16848
571489,4.22,820,196,17140
571503,4.24,792,476,16768
571517,4.22,916,708,17156
571531,4.22,868,904,16828
571545,4.22,800,644,17056
571559,4.22,668,684,16920
571573,4.24,1156,552,17048
571587,4.22,1108,392,16872
571601,4.22,1004,164,16928
571615,4.22,980,12,16504
571629,4.22,956,-48,16652
571643,4.22,1156,-4,16816
571657,4.22,888,188,16748
571671,4.22,896,304,17116
571685,4.22,752,392,16732
571699,4.22,1112,572,16884
571713,4.22,900,600,16840
571727,4.22,848,480,16860
571741,4.22,780,508,17104
571755,4.22,800,556,16764
571769,4.22,956,388,16832
571783,4.22,956,236,16808
571797,4.22,1088,72,16840
571811,4.22,868,140,16664
571825,4.24,1036,104,16956
571839,4.22,1024,332,16832
571853,4.22,788,404,16912
571867,4.22,980,436,16948
571881,4.22,928,496,16960
571895,4.22,896,508,16944
571909,4.22,796,372,16996
571923,4.22,932,348,16832
571937,4.22,1064,316,16728
571951,4.22,948,276,17036
571965,4.22,840,236,16848
571979,4.22,864,228,16892
571993,4.22,1000,340,16804
572007,4.22,876,324,16976
572021,4.22,924,492,16772
572035,4.22,840,340,16900
572049,4.22,968,464,16864
572063,4.22,892,380,16704
572077,4.22,840,296,16972
572091,4.22,864,328,16900
572105,4.22,928,308,16852
572119,4.22,896,296,16808
572133,4.22,872,360,16924
572147,4.22,976,368,16604
572161,4.22,844,360,16868
572175,4.22,1012,400,16864
572189,4.22,952,404,16804
572203,4.22,1088,372,16776
572217,4.22,864,280,16980
572231,4.22,1004,364,16940
572245,4.22,928,332,16868
572259,4.22,888,336,17012
572273,4.22,872,392,16760
572287,4.22,860,396,16852
572301,4.22,936,396,16984
572315,4.22,888,332,17024
572329,4.22,928,376,16900
572343,4.22,820,276,16840
572357,4.22,888,400,16912
572371,4.22,956,416,16764
572385,4.24,832,280,16956
572399,4.22,896,412,16744
572413,4.22,868,392,16896
572427,4.22,984,404,16772
572441,4.22,924,348,16980
572455,4.22,996,396,16780
572469,4.22,928,312,16916
572483,4.24,916,276,16892
572497,4.22,888,440,16804
572511,4.22,812,276,16956
572525,4.22,908,360,16844
572539,4.22,984,420,16868
572553,4.22,920,376,16724
572567,4.22,936,328,16972
572581,4.22,920,356,16748
572595,4.22,944,260,16984
572609,4.22,944,280,16872
572623,4.24,868,324,16940
572637,4.22,980,476,16600
572651,4.22,880,400,16972
572665,4.22,916,440,16856
572679,4.22,848,392,16824
572693,4.22,916,268,16940
572707,4.22,972,348,16788
572721,4.22,856,400,16968
572735,4.22,940,420,16768
572749,4.22,940,344,16960
572763,4.22,988,424,16716
572777,4.22,864,360,16924
572791,4.22,864,328,16964
572805,4.22,1004,448,16832
572819,4.22,928,396,16912
572833,4.24,924,276,16784
572847,4.22,880,328,16828
572861,4.22,860,324,16976
572875,4.22,920,316,17080
572889,4.24,872,376,16760
572903,4.22,960,460,16864
572917,4.22,840,372,16912
572931,4.22,960,368,16920
572945,4.22,904,324,16844
572959,4.22,916,356,16808
572973,5.13,1064,304,16812
572987,4.22,948,312,16688
573001,4.22,952,268,16956
573015,4.22,912,368,16864
573029,4.22,892,404,16904
573043,4.22,904,348,16788
573057,4.22,896,436,16916
573071,4.22,956,460,16796
573085,4.22,952,308,16884
573099,4.22,916,288,16880
573113,4.22,916,268,16860
573127,4.22,948,296,16964
573141,5.11,992,292,16784
573155,4.22,1016,384,16896
573169,4.22,936,288,16800
573183,4.22,948,256,16892
573197,4.22,940,420,16784
573211,4.22,948,392,16920
573225,4.22,864,352,16876
573239,4.22,984,472,16756
573253,4.22,948,400,16908
573267,5.13,888,304,16908
573281,5.11,916,344,16988
573295,4.22,984,324,16812
573309,4.22,964,244,17000
573323,4.22,928,432,16680
573337,5.11,868,424,17072
573351,4.22,904,384,16900
573365,4.22,820,344,16932
573379,4.22,968,284,16744
573393,5.13,984,288,16736
573407,5.13,936,380,16908
573421,4.22,996,412,16764
573435,4.22,948,368,16952
573449,4.22,924,448,16924
573463,4.22,832,300,17008
573477,4.22,912,344,16820
573491,4.22,984,392,16916
573505,4.22,984,344,16808
573519,4.22,868,300,16824
573533,4.22,940,200,16960
573547,5.11,1024,460,16712
573561,4.22,912,300,16996
573575,4.22,884,316,16860
573589,4.22,924,400,16888
573603,4.22,1012,348,16792
573617,4.22,876,312,16996
573631,5.11,972,408,16752
573645,4.22,1056,404,16840
573659,5.13,868,316,17064
573673,5.13,880,340,16780
573687,4.22,932,368,16848
573701,5.13,940,364,16860
573715,4.22,936,348,16984
573729,4.22,1028,392,16668
573743,4.22,964,348,16996
573757,4.22,952,336,16828
573771,4.22,1008,432,16832
573785,4.22,1040,408,16840
573799,4.22,868,356,16960
573813,4.22,972,348,16732
573827,4.22,952,284,16852
573841,4.22,948,344,16980
573855,4.22,928,388,16836
573869,4.22,788,200,16956
573883,4.22,904,320,16840
573897,4.22,908,360,16896
573911,4.22,888,388,16684
573925,4.22,944,392,16952
573939,4.22,868,384,17008
573953,4.22,1080,496,16684
573967,4.22,1040,292,16912
573981,4.22,808,284,16916
573995,4.22,944,316,16812
574009,4.22,1028,304,16836
574023,5.13,972,280,16952
574037,4.22,936,332,16776
574051,4.22,848,328,17000
574065,4.22,960,436,16936
574079,4.22,936,396,16916
574093,4.22,940,296,16856
574107,4.22,956,272,16872
574121,4.22,1028,376,16696
574135,4.22,988,300,16876
574149,4.22,888,256,16916
574163,4.22,868,324,16800
574177,4.24,940,340,16896
574191,4.22,964,420,16844
574205,4.22,880,376,16956
574219,4.22,840,360,16676
574233,5.13,928,268,16968
574247,4.22,956,436,16768
574261,5.13,988,372,16868
574275,4.22,852,308,16956
574289,5.13,988,368,16896
574303,4.22,1016,456,16848
574317,4.22,912,296,16916
574331,4.22,968,276,16928
574345,4.22,944,348,16688
574359,4.22,1000,360,16980
574373,5.13,1044,380,16788
574387,4.22,940,444,16868
574401,4.22,928,388,16944
574415,4.22,824,320,16992
574429,4.22,944,364,16780
574443,4.22,900,360,16892
574457,4.22,744,352,16908
574471,4.22,964,372,16716
574485,4.22,976,300,16884
574499,4.22,920,328,16840
574513,4.22,904,360,16868
574527,4.22,984,436,16736
574541,4.22,868,304,17004
574555,4.22,892,368,16740
574569,4.22,964,328,16900
574583,4.24,944,308,16968
574597,4.22,1080,380,16800
574611,4.22,876,360,16880
574625,4.22,1036,332,16880
574639,4.22,980,396,17000
574653,4.22,948,440,16756
574667,4.22,948,276,17000
574681,4.22,976,440,16816
574695,4.22,988,416,16852
574709,4.22,880,340,16928
574723,4.22,844,288,16968
574737,4.22,1000,380,16712
574751,4.22,892,272,16880
574765,4.22,924,344,16836
574779,4.22,952,424,16808
574793,5.13,888,348,17012
574807,4.24,864,268,16904
574821,4.22,924,392,16860
574835,4.22,992,384,16824
574849,4.22,944,308,16968
574863,4.24,1076,496,16692
574877,4.22,1012,436,16884
574891,4.22,880,328,16940
574905,4.22,928,380,16744
574919,4.22,920,272,16960
574933,4.22,932,340,16904
574947,4.22,856,308,16936
574961,4.22,960,396,16724
574975,4.22,840,332,17028
574989,4.22,888,412,16788
575003,4.22,936,408,16836
575017,4.22,912,360,16940
575031,4.22,896,440,16888
575045,4.22,984,320,16872
575059,4.24,948,336,16900
575073,4.22,1016,384,16928
575087,4.22,952,416,16720
575101,4.22,892,296,16940
575115,4.22,852,296,16832
575129,4.22,960,424,16804
575143,4.22,940,388,16856
575157,4.24,904,264,16924
575171,4.22,1008,360,16796
575185,4.22,912,352,16908
575199,4.22,948,352,16916
575213,4.22,924,428,16792
575227,4.22,924,312,16864
575241,4.22,972,368,16828
575255,4.22,932,460,16916
575269,4.22,1024,424,16776
575283,4.22,816,296,17052
575297,4.22,960,396,16816
575311,4.22,976,368,16836
575325,4.22,864,244,17064
575339,4.22,888,344,16776
575353,4.22,976,368,16820
575367,4.22,972,308,16752
575381,4.22,948,384,16880
