1016926,42.86,752,296,16960
1016942,42.45,724,456,16904
1016958,40.89,732,448,16988
1016974,42.88,776,464,16844
1016990,42.93,764,580,16888
1017006,43.34,744,336,16812
1017022,40.53,792,548,16904
1017038,42.50,892,508,16808
1017054,42.02,756,476,16904
1017070,43.36,664,372,16840
1017086,41.73,872,368,16836
1017102,42.03,828,304,16944
1017118,43.34,752,352,16912
1017134,42.45,836,392,16936
1017150,42.03,868,536,16836
1017166,42.50,860,396,16760
1017182,39.26,880,332,16828
1017198,43.00,880,656,16864
1017214,42.51,764,604,16864
1017230,43.34,748,484,16888
1017246,42.50,756,296,16892
1017262,42.57,892,396,16912
1017278,42.93,920,400,16932
1017294,42.50,964,524,16924
1017310,42.57,804,332,16816
1017326,42.93,828,448,16860
1017342,43.34,648,368,16704
1017358,43.00,880,452,16836
1017374,42.51,1392,636,16788
1017390,41.61,2612,464,16676
1017406,42.94,7112,688,16424
1017422,41.91,13584,424,17472
1017438,41.61,10924,-2360,16016
1017454,41.55,18152,-588,19084
1017470,41.61,22356,-4640,19348
1017486,40.65,17352,-316,15692
1017502,38.55,-5408,1008,10712
1017518,38.24,-1892,-1904,16280
1017534,36.32,-2104,-2300,22480
1017550,35.60,44,-544,16848
1017566,35.43,-56,-564,19104
1017582,33.44,-116,20,15340
1017598,32.31,-48,976,15544
1017614,32.14,2176,916,17844
1017630,30.99,876,1168,18304
1017646,29.48,508,896,16852
1017662,27.92,320,768,16436
1017678,27.75,1744,464,15548
1017693,26.19,-1048,-912,16588
1017708,24.75,212,-8,18424
1017723,24.20,-564,-200,17612
1017738,23.60,88,272,16732
1017753,21.80,360,396,16100
1017768,20.84,1208,472,15624
1017783,19.89,1212,736,16904
1017798,19.35,1952,820,16748
1017813,18.38,1136,640,17656
1017828,17.37,1088,688,17160
1017843,15.98,64,500,16868
1017858,15.02,-2120,-448,17040
1017873,14.06,-148,-392,16312
1017888,13.17,644,8,16564
1017903,12.21,1708,320,17752
1017918,11.30,936,680,17760
1017933,10.34,1164,976,17164
1017947,9.45,792,580,17368
1017961,8.61,420,564,16092
1017975,7.77,112,732,17096
1017989,6.45,700,424,16248
1018003,5.61,-180,-648,16812
1018017,4.77,-56,-376,16376
1018031,5.73,-404,-536,16684
1018045,4.94,1056,-60,17308
1018059,3.81,-32768,-220,16388
1018073,4.82,-32768,3064,12740
1018087,4.29,-4056,2456,14472
1018101,3.81,1084,64,19320
1018115,4.17,3552,-2940,17296
1018129,5.01,2348,1692,14748
1018143,5.01,-760,1188,20856
1018157,4.94,476,140,18912
1018171,5.30,-620,1236,16056
1018185,5.25,1056,992,16492
1018199,6.09,1428,1628,15400
1018213,6.02,84,1056,16836
1018227,6.45,820,816,16860
1018241,7.29,908,952,15916
1018255,7.22,1352,640,16200
1018269,7.58,2356,-72,15636
1018283,8.01,4052,-440,14424
1018297,8.37,3400,-604,14284
1018311,8.73,3616,-740,16936
1018325,9.09,2608,-28,17872
1018339,9.81,1216,508,17356
1018353,9.69,536,616,18116
1018368,10.46,876,880,16340
1018383,10.77,908,932,17012
1018398,11.13,564,824,16160
1018413,11.42,884,1024,16756
1018428,11.37,1504,1128,17232
1018443,12.14,1092,1036,17412
1018458,12.45,620,656,17412
1018473,12.83,1308,188,16436
1018488,13.10,1268,-1108,15272
1018503,13.46,2260,-828,16172
1018518,13.75,2468,-504,16552
1018533,14.01,2924,88,16384
1018548,14.30,1096,308,17196
1018563,14.54,600,572,17412
1018578,14.83,1068,860,16620
1018593,15.56,632,924,17344
1018608,15.38,840,920,16876
1018623,15.62,1100,852,16748
1018638,15.92,1404,912,16428
1018653,16.58,752,884,17444
1018668,16.46,1208,560,16948
1018683,16.70,1296,-40,16120
1018698,17.42,1120,-356,14724
1018713,17.18,1888,-572,15956
1018728,17.42,2076,-288,16720
1018743,17.24,1496,96,16688
1018758,17.42,1124,284,17256
1018773,18.08,748,816,16896
1018788,17.85,864,704,16944
1018803,17.61,856,760,16836
1018818,18.68,856,884,16880
1018833,18.92,1208,1056,16600
1018848,19.53,932,716,17232
1018863,19.35,1224,648,17112
1018878,19.11,880,204,17512
1018893,19.76,1408,-240,15992
1018908,19.95,1944,-272,16332
1018923,20.13,1632,-272,16412
1018938,20.31,1484,148,16740
1018953,20.91,1188,348,17056
1018968,20.61,976,664,17260
1018983,20.37,1092,868,16912
1018998,21.39,692,716,17232
1019013,20.68,720,780,16996
1019028,20.84,1276,832,16604
1019043,22.30,1032,656,17328
1019058,21.15,1152,424,16592
1019073,22.17,1104,-196,17284
1019088,21.93,1516,-468,16112
1019103,22.47,1664,-420,16408
1019118,23.02,1528,12,16588
1019133,22.71,1120,296,17056
1019148,22.83,1284,680,16952
1019163,22.95,1000,764,17188
1019178,22.66,916,760,17068
1019193,22.28,1104,852,16556
1019208,23.31,776,672,17516
1019223,23.43,1252,856,16420
1019238,22.71,1176,584,17532
1019253,24.10,1180,264,16932
1019268,23.79,1276,-156,17720
1019283,24.34,1492,-124,16816
1019298,24.46,1424,-212,16476
1019313,23.67,1352,0,16636
1019328,24.15,1048,124,16860
1019343,23.79,1380,316,17024
1019358,24.32,1268,648,16956
1019373,24.39,972,728,17060
1019388,24.51,952,844,16888
1019403,24.99,940,788,16828
1019418,24.63,708,604,17112
1019433,24.75,1196,508,16728
1019448,24.32,1300,336,17036
1019463,24.87,1252,-72,16876
1019478,25.35,1380,-140,16876
1019493,25.42,1364,-116,16684
1019508,24.22,1280,84,16680
1019523,24.27,928,156,16864
1019538,24.27,1144,452,16800
1019553,25.18,1196,636,16952
1019568,23.14,1088,636,17076
1019583,25.30,932,716,16868
1019598,24.44,1044,708,17012
1019613,25.76,1004,532,16812
1019628,25.40,992,320,16868
1019643,25.40,1220,180,16932
1019658,25.04,1300,104,16756
1019673,25.47,1428,168,16484
1019688,25.47,1368,80,16900
1019703,25.47,968,124,16832
1019718,25.11,1080,228,16860
1019733,24.27,1172,400,16732
1019748,24.27,1080,504,16992
1019763,25.11,1116,628,16944
1019778,25.52,1056,556,17108
1019793,25.57,1096,596,16836
1019808,26.00,1052,384,16900
1019823,25.59,972,336,16764
1019838,24.27,1060,208,16816
1019853,25.16,1028,128,16756
1019868,25.16,1088,112,16820
1019883,25.18,1012,312,16768
1019898,26.00,888,356,16916
1019913,24.68,748,312,16956
1019928,26.00,796,480,16772
1019943,25.95,820,476,16844
1019958,25.59,884,484,16900
1019973,24.27,1080,460,16840
1019988,26.02,868,356,16956
1020003,25.59,952,292,16864
1020018,26.43,952,292,16776
1020033,26.02,880,268,16828
1020048,25.59,992,276,16804
1020063,26.43,944,360,16880
1020078,23.91,956,364,16980
1020093,25.57,964,412,17048
1020108,24.75,940,372,16900
1020123,24.32,872,356,16740
1020138,25.59,940,356,16876
1020153,25.16,976,312,16848
1020168,25.59,1000,272,16832
1020183,25.59,1004,296,16968
1020198,25.59,1112,416,16788
1020213,26.43,944,364,16824
1020228,25.59,972,440,16868
1020243,25.59,800,396,16904
1020258,25.59,804,380,16984
1020273,25.59,976,376,16784
1020288,26.43,968,276,16832
1020303,25.59,932,248,16996
1020318,25.52,952,292,16792
1020333,25.54,984,424,16644
1020348,26.02,992,380,16960
1020363,24.75,848,436,16796
1020378,26.43,896,444,17008
1020393,24.27,880,376,17092
1020408,25.18,892,352,16896
1020423,25.59,868,316,16772
1020438,25.59,964,244,16700
1020453,24.75,892,240,16820
1020468,25.59,892,268,16968
